world: c9b8c0f5-8d3b-446d-8b28-d5510c38837e
world-name: world
x: 590.511867947591
y: 67.0
z: 257.58143751835166
yaw: 9.90000057220459
pitch: 50.70000457763672
name: spawn
lastowner: 52a5fa3e-09a4-300c-9966-dc057dc33a0f
